Sensor 1 - T in °C, Sensor 1 - rH in %, Sensor 2 - T in °C, Sensor 2 - rH in %, Sensor 3 - T in °C, Sensor 3 - rH in %, Sensor 4 - T in °C, Sensor 4 - rH in %, Sensor 5 - T in °C, Sensor 5 - rH in %, Sensor 6 - T in °C, Sensor 6 - rH in %, Sensor 7 - T in °C, Sensor 7 - rH in %, Sensor 8 - T in °C, Sensor 8 - rH in %, Sensor 9 - T in °C, Sensor 9 - rH in %, Sensor 10 - T in °C, Sensor 10 - rH in %, Sensor 11 - T in °C, Sensor 11 - rH in %, Sensor 12 - T in °C, Sensor 12 - rH in %
22.11,36.45, 21.91,36.45, 21.87,36.22, 21.73,38.98, 21.83,39.40, 21.77,35.48, 21.74,34.87, 21.75,34.88, 21.75,34.70, 21.10,34.50, 21.10,36.10, 21.30,36.30
22.53,36.27, 22.26,36.32, 22.24,36.12, 21.76,38.93, 21.89,39.36, 21.78,35.45, 21.76,34.80, 21.79,34.86, 21.75,34.64, 21.10,34.50, 21.00,36.10, 21.30,36.30
22.66,36.16, 22.48,36.21, 22.47,36.00, 21.76,38.96, 21.89,39.31, 21.82,35.40, 21.79,34.77, 21.80,34.86, 21.79,34.67, 21.10,34.50, 21.10,36.10, 21.30,36.30
22.76,36.08, 22.63,36.13, 22.63,35.94, 21.80,38.95, 21.86,39.31, 21.85,35.37, 21.81,34.70, 21.82,34.81, 21.80,34.63, 21.10,34.50, 21.10,36.10, 21.30,36.30
22.83,36.02, 22.72,36.10, 22.73,35.88, 21.78,38.89, 21.91,39.35, 21.82,35.33, 21.82,34.72, 21.83,34.75, 21.80,34.58, 21.10,34.50, 21.10,36.10, 21.30,36.30
22.88,36.00, 22.79,36.06, 22.80,35.86, 21.86,38.92, 21.92,39.31, 21.88,35.30, 21.84,34.71, 21.87,34.75, 21.83,34.59, 21.10,34.40, 21.10,36.10, 21.30,36.20
22.92,35.94, 22.83,36.02, 22.84,35.82, 21.82,38.89, 21.95,39.34, 21.86,35.29, 21.86,34.64, 21.89,34.72, 21.82,34.56, 21.10,34.40, 21.10,36.00, 21.40,36.20
22.94,35.93, 22.86,36.00, 22.88,35.79, 21.83,38.84, 21.94,39.27, 21.88,35.28, 21.89,34.61, 21.88,34.72, 21.86,34.56, 21.10,34.40, 21.10,36.00, 21.40,36.20
22.97,35.89, 22.89,35.99, 22.90,35.77, 21.85,38.83, 21.96,39.28, 21.88,35.28, 21.89,34.57, 21.91,34.68, 21.85,34.56, 21.20,34.30, 21.10,36.00, 21.40,36.20
22.99,35.88, 22.90,35.97, 22.92,35.76, 21.86,38.77, 21.95,39.27, 21.89,35.27, 21.92,34.55, 21.92,34.69, 21.91,34.54, 21.20,34.30, 21.10,35.90, 21.40,36.10
23.00,35.85, 22.92,35.96, 22.94,35.74, 21.86,38.84, 21.94,39.25, 21.89,35.25, 21.94,34.50, 21.95,34.67, 21.89,34.51, 21.20,34.30, 21.20,35.90, 21.40,36.10
23.02,35.85, 22.93,35.96, 22.95,35.74, 21.90,38.76, 21.99,39.22, 21.92,35.23, 21.96,34.47, 21.95,34.61, 21.91,34.51, 21.30,34.30, 21.20,35.90, 21.50,36.10
23.03,35.83, 22.94,35.95, 22.97,35.73, 21.90,38.76, 21.96,39.26, 21.95,35.22, 21.99,34.44, 21.95,34.59, 21.91,34.48, 21.30,34.20, 21.20,35.90, 21.50,36.00
23.05,35.81, 22.96,35.93, 22.98,35.70, 21.92,38.71, 21.99,39.17, 21.95,35.20, 22.01,34.40, 22.00,34.59, 21.91,34.45, 21.30,34.20, 21.20,35.90, 21.50,36.10
23.06,35.79, 22.97,35.91, 22.99,35.69, 21.92,38.68, 21.99,39.17, 21.95,35.23, 22.03,34.38, 21.98,34.57, 21.91,34.43, 21.30,34.20, 21.30,35.80, 21.50,36.00
23.07,35.76, 22.98,35.89, 23.00,35.67, 21.96,38.67, 22.02,39.16, 21.98,35.22, 22.05,34.36, 22.03,34.52, 21.95,34.47, 21.40,34.10, 21.30,35.80, 21.50,36.00
23.09,35.75, 22.99,35.89, 23.02,35.66, 21.95,38.66, 22.02,39.12, 21.99,35.17, 22.06,34.29, 22.02,34.48, 21.96,34.41, 21.40,34.10, 21.30,35.70, 21.50,36.00
23.10,35.74, 23.00,35.87, 23.03,35.65, 21.96,38.66, 22.02,39.12, 21.98,35.14, 22.07,34.30, 22.02,34.47, 21.96,34.38, 21.40,34.10, 21.30,35.80, 21.50,35.90
23.11,35.73, 23.01,35.86, 23.04,35.64, 21.99,38.62, 22.04,39.15, 22.01,35.14, 22.09,34.29, 22.05,34.46, 21.97,34.38, 21.40,34.00, 21.30,35.70, 21.60,35.90
23.12,35.70, 23.02,35.85, 23.05,35.61, 21.99,38.58, 22.06,39.08, 22.04,35.14, 22.13,34.26, 22.07,34.45, 21.97,34.38, 21.40,34.00, 21.40,35.70, 21.60,35.90
23.14,35.69, 23.03,35.83, 23.06,35.61, 21.99,38.62, 22.04,39.07, 22.04,35.10, 22.16,34.23, 22.09,34.43, 22.00,34.32, 21.40,34.10, 21.40,35.70, 21.60,35.90
23.15,35.68, 23.04,35.83, 23.07,35.60, 22.02,38.62, 22.08,39.05, 22.01,35.11, 22.15,34.21, 22.09,34.38, 22.00,34.34, 21.50,34.00, 21.40,35.70, 21.70,35.90
23.16,35.68, 23.05,35.82, 23.08,35.58, 22.06,38.60, 22.09,39.07, 22.04,35.09, 22.19,34.16, 22.12,34.39, 22.02,34.35, 21.50,34.00, 21.40,35.60, 21.70,35.80
23.17,35.66, 23.06,35.80, 23.09,35.57, 22.05,38.55, 22.10,39.03, 22.08,35.06, 22.17,34.13, 22.12,34.37, 22.04,34.32, 21.50,34.00, 21.40,35.60, 21.70,35.80
23.18,35.63, 23.07,35.79, 23.10,35.55, 22.06,38.54, 22.09,39.05, 22.05,35.08, 22.20,34.15, 22.12,34.36, 22.03,34.32, 21.50,34.00, 21.40,35.60, 21.70,35.80
23.19,35.62, 23.08,35.78, 23.12,35.55, 22.06,38.53, 22.10,39.04, 22.10,35.07, 22.19,34.11, 22.15,34.31, 22.06,34.27, 21.50,33.90, 21.40,35.60, 21.70,35.80
23.20,35.61, 23.09,35.78, 23.13,35.53, 22.10,38.53, 22.12,39.04, 22.08,35.06, 22.22,34.09, 22.17,34.30, 22.06,34.27, 21.50,33.90, 21.50,35.60, 21.70,35.80
23.21,35.60, 23.10,35.76, 23.14,35.51, 22.06,38.49, 22.13,38.99, 22.09,35.03, 22.23,34.09, 22.19,34.28, 22.09,34.26, 21.50,33.90, 21.50,35.50, 21.70,35.70
23.22,35.59, 23.11,35.76, 23.15,35.51, 22.12,38.52, 22.15,38.99, 22.10,35.03, 22.26,34.07, 22.16,34.26, 22.08,34.26, 21.50,33.90, 21.50,35.50, 21.70,35.70
23.23,35.59, 23.12,35.74, 23.16,35.50, 22.12,38.51, 22.16,38.99, 22.12,35.03, 22.25,34.04, 22.21,34.30, 22.11,34.20, 21.50,33.90, 21.50,35.50, 21.70,35.70
23.24,35.57, 23.13,35.73, 23.17,35.50, 22.10,38.48, 22.19,38.93, 22.10,35.03, 22.26,34.05, 22.21,34.30, 22.09,34.23, 21.50,33.90, 21.50,35.50, 21.70,35.70
23.25,35.57, 23.14,35.72, 23.18,35.47, 22.14,38.45, 22.20,38.96, 22.13,35.01, 22.28,34.02, 22.20,34.23, 22.13,34.19, 21.50,33.90, 21.50,35.50, 21.70,35.70
23.26,35.55, 23.15,35.72, 23.18,35.48, 22.16,38.47, 22.18,38.96, 22.13,34.99, 22.28,34.01, 22.23,34.25, 22.12,34.20, 21.60,33.80, 21.50,35.50, 21.70,35.70
23.27,35.54, 23.16,35.71, 23.19,35.46, 22.16,38.54, 22.19,38.94, 22.15,34.98, 22.31,34.04, 22.23,34.24, 22.14,34.18, 21.60,33.80, 21.50,35.50, 21.80,35.70
23.28,35.55, 23.17,35.69, 23.20,35.46, 22.16,38.42, 22.19,38.91, 22.16,34.98, 22.30,33.98, 22.24,34.21, 22.14,34.17, 21.60,33.80, 21.50,35.40, 21.80,35.70
23.29,35.54, 23.18,35.70, 23.21,35.46, 22.16,38.46, 22.19,38.95, 22.15,35.00, 22.34,34.01, 22.25,34.23, 22.15,34.20, 21.60,33.80, 21.60,35.40, 21.80,35.70
23.30,35.52, 23.19,35.70, 23.22,35.44, 22.17,38.46, 22.26,38.94, 22.16,34.98, 22.33,33.98, 22.27,34.23, 22.18,34.18, 21.60,33.80, 21.60,35.40, 21.90,35.70
23.30,35.52, 23.20,35.67, 23.23,35.43, 22.20,38.43, 22.23,38.94, 22.20,34.95, 22.35,33.95, 22.28,34.19, 22.17,34.19, 21.70,33.80, 21.60,35.40, 21.80,35.70
23.31,35.51, 23.20,35.68, 23.24,35.43, 22.19,38.40, 22.25,38.94, 22.17,34.98, 22.36,33.97, 22.27,34.16, 22.20,34.14, 21.70,33.70, 21.60,35.40, 21.90,35.70
23.32,35.51, 23.21,35.66, 23.24,35.41, 22.20,38.40, 22.25,38.89, 22.22,34.97, 22.37,33.94, 22.29,34.16, 22.17,34.13, 21.70,33.80, 21.60,35.40, 21.90,35.70
23.33,35.51, 23.22,35.65, 23.25,35.42, 22.23,38.39, 22.28,38.90, 22.22,34.95, 22.36,33.93, 22.29,34.18, 22.21,34.11, 21.70,33.70, 21.60,35.40, 21.90,35.70
23.34,35.50, 23.23,35.66, 23.26,35.42, 22.22,38.42, 22.29,38.82, 22.20,34.93, 22.39,33.91, 22.31,34.13, 22.20,34.14, 21.70,33.70, 21.60,35.40, 21.90,35.70
23.34,35.49, 23.23,35.65, 23.27,35.40, 22.23,38.39, 22.28,38.85, 22.23,34.96, 22.38,33.90, 22.32,34.15, 22.21,34.13, 21.70,33.70, 21.60,35.40, 21.90,35.70
23.35,35.49, 23.24,35.64, 23.28,35.40, 22.22,38.37, 22.29,38.89, 22.25,34.94, 22.41,33.89, 22.33,34.17, 22.21,34.14, 21.70,33.70, 21.60,35.40, 21.90,35.70
23.36,35.49, 23.25,35.63, 23.29,35.40, 22.24,38.33, 22.30,38.85, 22.26,34.92, 22.41,33.91, 22.34,34.10, 22.23,34.11, 21.70,33.70, 21.60,35.30, 21.90,35.70
23.36,35.47, 23.25,35.63, 23.29,35.39, 22.27,38.39, 22.29,38.88, 22.26,34.91, 22.42,33.89, 22.35,34.11, 22.25,34.10, 21.70,33.70, 21.70,35.40, 21.90,35.60
23.37,35.48, 23.26,35.63, 23.30,35.39, 22.29,38.37, 22.32,38.88, 22.25,34.92, 22.42,33.90, 22.34,34.14, 22.25,34.09, 21.70,33.70, 21.70,35.30, 21.90,35.60
23.38,35.48, 23.27,35.63, 23.31,35.38, 22.26,38.36, 22.32,38.83, 22.28,34.89, 22.42,33.88, 22.35,34.09, 22.25,34.06, 21.70,33.70, 21.70,35.30, 21.90,35.60
23.39,35.45, 23.28,35.62, 23.31,35.37, 22.27,38.36, 22.32,38.88, 22.28,34.86, 22.46,33.88, 22.35,34.08, 22.28,34.11, 21.70,33.70, 21.70,35.30, 21.90,35.70
23.39,35.46, 23.28,35.62, 23.32,35.37, 22.27,38.36, 22.35,38.85, 22.26,34.89, 22.44,33.87, 22.38,34.08, 22.27,34.08, 21.70,33.70, 21.70,35.30, 21.90,35.70
23.40,35.46, 23.29,35.61, 23.33,35.37, 22.30,38.32, 22.33,38.83, 22.28,34.89, 22.46,33.85, 22.39,34.08, 22.27,34.09, 21.70,33.70, 21.70,35.30, 21.90,35.70
23.41,35.45, 23.30,35.61, 23.33,35.36, 22.30,38.34, 22.33,38.87, 22.30,34.90, 22.45,33.86, 22.38,34.09, 22.30,34.05, 21.70,33.70, 21.70,35.30, 21.90,35.60
23.41,35.45, 23.30,35.61, 23.34,35.36, 22.30,38.35, 22.35,38.84, 22.29,34.86, 22.46,33.88, 22.40,34.09, 22.29,34.09, 21.70,33.70, 21.70,35.30, 21.90,35.60
23.42,35.45, 23.31,35.60, 23.35,35.36, 22.30,38.36, 22.37,38.83, 22.28,34.89, 22.48,33.86, 22.41,34.10, 22.30,34.08, 21.70,33.70, 21.70,35.30, 21.90,35.70
23.42,35.45, 23.31,35.61, 23.35,35.36, 22.32,38.35, 22.36,38.83, 22.29,34.87, 22.48,33.86, 22.40,34.08, 22.31,34.05, 21.80,33.70, 21.70,35.30, 22.00,35.60
23.43,35.45, 23.32,35.60, 23.36,35.36, 22.33,38.34, 22.39,38.82, 22.30,34.82, 22.47,33.86, 22.43,34.04, 22.32,34.07, 21.80,33.70, 21.70,35.30, 21.90,35.60
23.44,35.44, 23.32,35.60, 23.36,35.35, 22.32,38.33, 22.37,38.85, 22.29,34.86, 22.48,33.83, 22.43,34.06, 22.31,34.05, 21.80,33.70, 21.70,35.30, 22.00,35.60
23.44,35.44, 23.33,35.60, 23.37,35.35, 22.36,38.34, 22.39,38.83, 22.33,34.84, 22.50,33.81, 22.43,34.05, 22.34,34.08, 21.80,33.70, 21.70,35.30, 22.00,35.60
23.45,35.44, 23.34,35.59, 23.38,35.36, 22.30,38.31, 22.39,38.81, 22.32,34.86, 22.51,33.86, 22.40,34.09, 22.30,34.03, 21.80,33.70, 21.70,35.30, 22.00,35.60
23.45,35.44, 23.34,35.60, 23.38,35.36, 22.32,38.35, 22.39,38.78, 22.35,34.86, 22.52,33.84, 22.45,34.05, 22.34,34.01, 21.80,33.70, 21.80,35.30, 22.00,35.60
23.46,35.44, 23.35,35.60, 23.39,35.35, 22.36,38.33, 22.40,38.81, 22.33,34.85, 22.51,33.82, 22.43,34.05, 22.34,34.04, 21.80,33.60, 21.70,35.30, 22.00,35.60
23.46,35.44, 23.35,35.60, 23.39,35.36, 22.34,38.32, 22.40,38.82, 22.36,34.85, 22.52,33.83, 22.43,34.07, 22.36,34.05, 21.80,33.70, 21.70,35.30, 22.00,35.60
23.46,35.45, 23.35,35.60, 23.40,35.36, 22.34,38.38, 22.42,38.79, 22.35,34.84, 22.51,33.80, 22.47,34.07, 22.37,34.04, 21.90,33.70, 21.80,35.30, 22.00,35.60
23.47,35.43, 23.36,35.60, 23.40,35.34, 22.34,38.39, 22.42,38.84, 22.36,34.86, 22.54,33.81, 22.45,34.03, 22.36,34.04, 21.90,33.60, 21.80,35.30, 22.00,35.60
23.47,35.42, 23.36,35.59, 23.41,35.34, 22.34,38.35, 22.42,38.82, 22.35,34.84, 22.56,33.85, 22.47,34.04, 22.37,34.01, 21.90,33.60, 21.80,35.30, 22.00,35.60
23.48,35.43, 23.37,35.60, 23.41,35.35, 22.34,38.35, 22.43,38.84, 22.33,34.83, 22.52,33.83, 22.47,34.04, 22.38,34.01, 21.90,33.70, 21.80,35.30, 22.00,35.60
23.48,35.44, 23.37,35.60, 23.41,35.34, 22.37,38.34, 22.43,38.78, 22.36,34.88, 22.56,33.80, 22.47,34.03, 22.37,34.07, 21.90,33.70, 21.80,35.30, 22.00,35.50
23.49,35.43, 23.38,35.59, 23.42,35.34, 22.34,38.33, 22.40,38.78, 22.39,34.87, 22.55,33.82, 22.48,34.03, 22.40,34.02, 21.90,33.70, 21.80,35.20, 22.00,35.60
23.49,35.44, 23.38,35.60, 23.43,35.35, 22.36,38.33, 22.44,38.83, 22.36,34.84, 22.56,33.81, 22.47,34.04, 22.40,34.01, 21.90,33.70, 21.80,35.30, 22.00,35.60
23.49,35.44, 23.38,35.59, 23.43,35.35, 22.39,38.30, 22.42,38.81, 22.36,34.88, 22.56,33.82, 22.50,34.04, 22.38,34.04, 21.90,33.60, 21.80,35.30, 22.00,35.50
23.50,35.43, 23.39,35.60, 23.43,35.36, 22.36,38.36, 22.43,38.78, 22.39,34.87, 22.58,33.81, 22.48,34.02, 22.40,34.03, 21.90,33.70, 21.80,35.30, 22.00,35.60
23.50,35.43, 23.39,35.60, 23.44,35.34, 22.39,38.34, 22.43,38.81, 22.39,34.84, 22.56,33.80, 22.50,34.02, 22.42,33.99, 21.90,33.60, 21.80,35.30, 22.00,35.60
23.51,35.44, 23.39,35.61, 23.44,35.35, 22.36,38.34, 22.46,38.78, 22.39,34.89, 22.57,33.83, 22.52,34.04, 22.40,34.00, 21.90,33.70, 21.80,35.20, 22.10,35.60
23.51,35.43, 23.40,35.60, 23.45,35.34, 22.39,38.33, 22.46,38.79, 22.42,34.90, 22.59,33.84, 22.50,34.02, 22.42,34.05, 21.90,33.60, 21.80,35.30, 22.00,35.60
23.51,35.44, 23.40,35.62, 23.45,35.35, 22.37,38.32, 22.46,38.79, 22.40,34.86, 22.58,33.79, 22.50,34.01, 22.39,34.00, 21.90,33.60, 21.80,35.30, 22.00,35.60
23.52,35.44, 23.40,35.60, 23.45,35.35, 22.40,38.32, 22.46,38.84, 22.39,34.86, 22.59,33.81, 22.52,34.01, 22.41,34.00, 21.90,33.70, 21.80,35.30, 22.00,35.60
23.52,35.45, 23.41,35.60, 23.46,35.35, 22.40,38.28, 22.46,38.83, 22.40,34.82, 22.58,33.77, 22.53,34.01, 22.42,34.00, 21.90,33.60, 21.80,35.30, 22.00,35.50
23.53,35.44, 23.41,35.61, 23.46,35.34, 22.44,38.34, 22.46,38.80, 22.43,34.87, 22.58,33.77, 22.53,34.04, 22.41,34.02, 21.90,33.60, 21.80,35.20, 22.10,35.60
23.53,35.44, 23.41,35.61, 23.46,35.35, 22.40,38.35, 22.46,38.81, 22.42,34.86, 22.59,33.78, 22.52,34.03, 22.41,34.02, 21.90,33.60, 21.80,35.20, 22.10,35.60
23.53,35.44, 23.42,35.62, 23.47,35.35, 22.41,38.32, 22.47,38.83, 22.43,34.85, 22.60,33.82, 22.53,34.02, 22.44,34.02, 21.90,33.60, 21.80,35.20, 22.10,35.60
23.54,35.42, 23.42,35.61, 23.47,35.35, 22.41,38.32, 22.46,38.82, 22.43,34.84, 22.58,33.80, 22.52,34.02, 22.43,34.01, 21.90,33.70, 21.80,35.20, 22.10,35.60
23.54,35.45, 23.42,35.61, 23.47,35.35, 22.43,38.32, 22.49,38.82, 22.40,34.86, 22.59,33.79, 22.55,34.01, 22.45,34.01, 21.90,33.70, 21.80,35.20, 22.10,35.60
23.54,35.45, 23.42,35.60, 23.48,35.35, 22.43,38.35, 22.47,38.82, 22.43,34.86, 22.61,33.80, 22.55,33.99, 22.45,34.02, 21.90,33.60, 21.90,35.30, 22.10,35.60
23.55,35.45, 23.43,35.61, 23.48,35.35, 22.44,38.35, 22.49,38.80, 22.43,34.87, 22.63,33.80, 22.56,34.03, 22.45,33.98, 21.90,33.60, 21.90,35.20, 22.10,35.60
23.55,35.46, 23.43,35.61, 23.48,35.35, 22.45,38.35, 22.53,38.80, 22.45,34.86, 22.62,33.83, 22.56,34.03, 22.45,34.02, 21.90,33.70, 21.90,35.20, 22.10,35.70
23.55,35.45, 23.43,35.62, 23.49,35.35, 22.43,38.34, 22.50,38.80, 22.40,34.82, 22.61,33.86, 22.56,34.02, 22.44,33.98, 21.90,33.60, 21.90,35.30, 22.10,35.60
23.55,35.46, 23.44,35.61, 23.49,35.36, 22.44,38.35, 22.49,38.81, 22.45,34.86, 22.63,33.83, 22.54,34.00, 22.46,34.03, 21.90,33.60, 21.90,35.30, 22.10,35.60
23.56,35.45, 23.44,35.62, 23.49,35.35, 22.41,38.38, 22.49,38.86, 22.43,34.83, 22.65,33.84, 22.57,34.01, 22.46,34.00, 21.90,33.60, 21.90,35.20, 22.10,35.60
23.56,35.45, 23.44,35.62, 23.50,35.37, 22.44,38.34, 22.50,38.85, 22.43,34.85, 22.64,33.81, 22.58,33.99, 22.46,33.99, 21.90,33.70, 21.90,35.30, 22.10,35.60
23.56,35.45, 23.45,35.61, 23.50,35.34, 22.45,38.34, 22.50,38.82, 22.46,34.87, 22.63,33.79, 22.59,34.00, 22.46,33.99, 21.90,33.60, 21.90,35.20, 22.10,35.60
23.57,35.46, 23.45,35.62, 23.50,35.37, 22.47,38.35, 22.52,38.85, 22.46,34.86, 22.63,33.79, 22.59,34.04, 22.47,34.02, 21.90,33.70, 21.90,35.20, 22.10,35.60
23.57,35.46, 23.45,35.62, 23.50,35.36, 22.44,38.34, 22.52,38.81, 22.45,34.84, 22.64,33.81, 22.57,34.03, 22.48,33.99, 21.90,33.60, 21.90,35.20, 22.10,35.60
23.57,35.46, 23.45,35.63, 23.51,35.36, 22.45,38.36, 22.52,38.86, 22.49,34.82, 22.65,33.80, 22.56,34.03, 22.48,34.03, 21.90,33.70, 21.90,35.20, 22.10,35.60
23.58,35.46, 23.46,35.63, 23.51,35.37, 22.47,38.31, 22.53,38.86, 22.50,34.87, 22.62,33.81, 22.58,34.04, 22.48,34.01, 21.90,33.60, 21.90,35.30, 22.10,35.60
23.58,35.46, 23.46,35.63, 23.51,35.37, 22.47,38.33, 22.53,38.85, 22.46,34.86, 22.65,33.78, 22.57,34.04, 22.48,34.05, 21.90,33.70, 21.90,35.30, 22.10,35.60
23.58,35.46, 23.46,35.63, 23.51,35.38, 22.44,38.34, 22.52,38.79, 22.45,34.86, 22.67,33.80, 22.59,34.03, 22.48,34.00, 21.90,33.60, 21.90,35.20, 22.10,35.70
23.58,35.47, 23.47,35.64, 23.52,35.36, 22.47,38.36, 22.55,38.85, 22.46,34.88, 22.66,33.81, 22.60,34.03, 22.49,34.01, 21.90,33.60, 21.90,35.20, 22.10,35.60
23.59,35.47, 23.47,35.61, 23.52,35.37, 22.49,38.33, 22.52,38.82, 22.47,34.89, 22.68,33.87, 22.61,34.01, 22.49,34.00, 21.90,33.70, 21.90,35.30, 22.10,35.60
23.59,35.47, 23.47,35.62, 23.53,35.38, 22.50,38.35, 22.56,38.85, 22.50,34.88, 22.67,33.83, 22.59,34.01, 22.51,34.01, 21.90,33.60, 21.90,35.30, 22.10,35.60
23.59,35.48, 23.47,35.62, 23.53,35.38, 22.49,38.33, 22.53,38.84, 22.47,34.89, 22.67,33.83, 22.60,34.05, 22.50,34.00, 22.00,33.70, 21.90,35.30, 22.10,35.60
23.60,35.47, 23.48,35.63, 23.53,35.37, 22.49,38.34, 22.52,38.83, 22.49,34.86, 22.66,33.82, 22.61,34.05, 22.50,33.97, 21.90,33.70, 21.90,35.30, 22.20,35.60
23.60,35.47, 23.48,35.62, 23.53,35.38, 22.47,38.35, 22.53,38.84, 22.47,34.85, 22.68,33.81, 22.61,33.98, 22.51,33.98, 21.90,33.70, 21.90,35.30, 22.20,35.60
23.60,35.47, 23.48,35.64, 23.54,35.37, 22.49,38.37, 22.56,38.85, 22.50,34.88, 22.67,33.80, 22.62,34.05, 22.52,33.99, 21.90,33.70, 21.90,35.20, 22.10,35.60
23.60,35.47, 23.49,35.63, 23.54,35.38, 22.50,38.33, 22.55,38.82, 22.49,34.88, 22.69,33.79, 22.63,34.01, 22.54,33.98, 22.00,33.70, 21.90,35.20, 22.10,35.60
23.61,35.46, 23.49,35.64, 23.54,35.38, 22.52,38.35, 22.56,38.84, 22.47,34.87, 22.67,33.78, 22.61,34.07, 22.52,34.03, 21.90,33.60, 21.90,35.30, 22.10,35.60
23.61,35.49, 23.49,35.64, 23.55,35.38, 22.47,38.33, 22.56,38.87, 22.47,34.87, 22.67,33.81, 22.62,34.05, 22.52,34.01, 22.00,33.70, 21.90,35.30, 22.20,35.60
23.61,35.47, 23.49,35.64, 23.55,35.38, 22.50,38.36, 22.57,38.87, 22.49,34.88, 22.71,33.82, 22.63,34.03, 22.52,34.01, 22.00,33.60, 21.90,35.30, 22.20,35.70
23.62,35.47, 23.50,35.64, 23.55,35.37, 22.50,38.32, 22.56,38.83, 22.52,34.84, 22.68,33.82, 22.62,34.07, 22.52,34.02, 22.00,33.70, 21.90,35.30, 22.20,35.60
23.62,35.47, 23.50,35.63, 23.55,35.38, 22.53,38.35, 22.56,38.84, 22.50,34.88, 22.70,33.83, 22.62,34.04, 22.52,34.03, 22.00,33.70, 21.90,35.30, 22.20,35.60
23.62,35.47, 23.50,35.64, 23.56,35.39, 22.52,38.35, 22.55,38.87, 22.49,34.89, 22.68,33.82, 22.64,34.02, 22.55,34.02, 22.00,33.70, 21.90,35.30, 22.20,35.70
23.62,35.48, 23.51,35.65, 23.56,35.38, 22.50,38.32, 22.56,38.87, 22.53,34.88, 22.70,33.79, 22.65,34.05, 22.54,33.94, 22.00,33.70, 21.90,35.30, 22.20,35.70
23.63,35.48, 23.51,35.64, 23.56,35.38, 22.52,38.34, 22.57,38.85, 22.52,34.87, 22.73,33.81, 22.66,34.00, 22.52,34.01, 22.00,33.70, 21.90,35.30, 22.20,35.70
23.63,35.48, 23.51,35.64, 23.56,35.38, 22.50,38.33, 22.56,38.83, 22.50,34.91, 22.71,33.83, 22.64,34.05, 22.55,34.01, 22.00,33.70, 21.90,35.30, 22.20,35.70
23.63,35.48, 23.51,35.65, 23.56,35.39, 22.53,38.37, 22.56,38.81, 22.53,34.88, 22.71,33.83, 22.65,34.01, 22.55,34.02, 22.00,33.70, 22.00,35.30, 22.20,35.60
23.63,35.49, 23.51,35.65, 23.57,35.39, 22.52,38.34, 22.57,38.87, 22.52,34.83, 22.70,33.84, 22.64,34.07, 22.55,34.01, 22.00,33.70, 22.00,35.30, 22.20,35.60
23.63,35.50, 23.52,35.65, 23.57,35.39, 22.54,38.38, 22.59,38.81, 22.53,34.90, 22.71,33.84, 22.64,34.04, 22.56,34.02, 22.00,33.70, 22.00,35.30, 22.20,35.60
23.64,35.49, 23.52,35.65, 23.57,35.40, 22.53,38.36, 22.57,38.88, 22.52,34.88, 22.72,33.83, 22.66,34.03, 22.57,34.01, 22.00,33.70, 22.00,35.30, 22.20,35.70
23.64,35.49, 23.52,35.65, 23.58,35.40, 22.54,38.34, 22.59,38.86, 22.52,34.92, 22.71,33.81, 22.65,34.03, 22.55,34.02, 22.00,33.70, 22.00,35.30, 22.20,35.60
23.64,35.50, 23.52,35.65, 23.58,35.40, 22.52,38.36, 22.59,38.88, 22.55,34.94, 22.70,33.81, 22.66,34.05, 22.55,34.03, 22.00,33.70, 22.00,35.30, 22.20,35.60
23.64,35.49, 23.52,35.66, 23.58,35.39, 22.53,38.40, 22.57,38.86, 22.55,34.84, 22.71,33.84, 22.67,34.04, 22.55,34.04, 22.00,33.70, 22.00,35.30, 22.20,35.60
23.65,35.49, 23.53,35.65, 23.58,35.39, 22.54,38.37, 22.59,38.86, 22.55,34.92, 22.71,33.83, 22.67,34.06, 22.55,34.02, 22.00,33.70, 22.00,35.30, 22.20,35.70
23.65,35.50, 23.53,35.65, 23.59,35.40, 22.53,38.36, 22.62,38.89, 22.52,34.88, 22.74,33.85, 22.64,34.03, 22.57,34.01, 22.00,33.70, 22.00,35.30, 22.20,35.70
23.65,35.50, 23.53,35.66, 23.59,35.40, 22.56,38.34, 22.60,38.86, 22.50,34.89, 22.72,33.86, 22.67,34.04, 22.57,33.99, 22.00,33.70, 22.00,35.30, 22.20,35.60
23.65,35.49, 23.53,35.66, 23.59,35.40, 22.53,38.42, 22.62,38.86, 22.55,34.90, 22.73,33.82, 22.68,34.03, 22.57,34.03, 22.00,33.70, 22.00,35.30, 22.20,35.60
23.65,35.49, 23.53,35.66, 23.59,35.39, 22.53,38.36, 22.59,38.87, 22.53,34.91, 22.72,33.87, 22.67,34.03, 22.58,34.00, 22.00,33.70, 22.00,35.30, 22.20,35.60
23.66,35.50, 23.54,35.66, 23.59,35.41, 22.52,38.36, 22.59,38.85, 22.52,34.91, 22.72,33.81, 22.67,34.03, 22.56,34.01, 22.00,33.70, 22.00,35.30, 22.20,35.70
23.66,35.50, 23.54,35.66, 23.59,35.42, 22.53,38.40, 22.60,38.83, 22.56,34.92, 22.73,33.83, 22.66,34.06, 22.58,34.01, 22.00,33.70, 22.00,35.30, 22.20,35.60
23.66,35.51, 23.54,35.67, 23.60,35.41, 22.54,38.39, 22.62,38.86, 22.53,34.91, 22.74,33.85, 22.70,34.05, 22.57,33.99, 22.00,33.70, 22.00,35.30, 22.20,35.70
23.66,35.52, 23.54,35.66, 23.60,35.41, 22.57,38.40, 22.60,38.84, 22.56,34.90, 22.75,33.85, 22.70,34.05, 22.59,34.04, 22.00,33.70, 22.00,35.30, 22.20,35.70
23.66,35.51, 23.54,35.67, 23.60,35.41, 22.53,38.41, 22.59,38.83, 22.56,34.91, 22.72,33.85, 22.71,34.03, 22.59,34.00, 22.00,33.70, 22.00,35.30, 22.20,35.60
23.66,35.49, 23.54,35.67, 23.60,35.41, 22.56,38.38, 22.62,38.87, 22.56,34.89, 22.75,33.85, 22.67,34.06, 22.58,34.06, 22.00,33.70, 22.00,35.30, 22.20,35.70
23.67,35.50, 23.55,35.67, 23.61,35.39, 22.54,38.41, 22.63,38.86, 22.55,34.90, 22.73,33.86, 22.67,34.06, 22.59,34.03, 22.00,33.70, 22.00,35.30, 22.20,35.70
23.67,35.51, 23.55,35.66, 23.61,35.42, 22.57,38.41, 22.60,38.88, 22.56,34.93, 22.75,33.86, 22.69,34.07, 22.60,34.05, 22.00,33.70, 22.00,35.30, 22.20,35.70
23.67,35.51, 23.55,35.67, 23.61,35.40, 22.56,38.39, 22.60,38.89, 22.57,34.93, 22.75,33.85, 22.68,34.07, 22.61,34.01, 22.00,33.70, 22.00,35.30, 22.20,35.70
23.67,35.51, 23.55,35.67, 23.61,35.41, 22.60,38.40, 22.62,38.86, 22.57,34.94, 22.75,33.85, 22.67,34.06, 22.59,34.04, 22.00,33.70, 22.00,35.30, 22.20,35.70
23.67,35.52, 23.55,35.68, 23.61,35.41, 22.56,38.39, 22.60,38.92, 22.56,34.90, 22.76,33.86, 22.70,34.06, 22.60,34.05, 22.00,33.70, 22.00,35.30, 22.20,35.70
23.68,35.52, 23.55,35.68, 23.62,35.41, 22.56,38.39, 22.60,38.87, 22.56,34.90, 22.75,33.87, 22.70,34.06, 22.59,34.01, 22.00,33.70, 22.00,35.30, 22.20,35.60
23.68,35.51, 23.56,35.67, 23.62,35.41, 22.56,38.41, 22.62,38.89, 22.59,34.93, 22.75,33.86, 22.69,34.07, 22.58,34.01, 22.10,33.70, 22.00,35.30, 22.20,35.60
23.68,35.52, 23.56,35.68, 23.62,35.42, 22.59,38.40, 22.62,38.86, 22.56,34.94, 22.76,33.88, 22.70,34.06, 22.60,34.03, 22.00,33.70, 22.00,35.30, 22.20,35.70
23.68,35.51, 23.56,35.67, 23.62,35.40, 22.59,38.36, 22.60,38.92, 22.56,34.95, 22.77,33.88, 22.68,34.06, 22.61,34.06, 22.00,33.70, 22.00,35.30, 22.20,35.70
23.68,35.52, 23.56,35.69, 23.62,35.42, 22.59,38.36, 22.63,38.89, 22.56,34.93, 22.77,33.85, 22.67,34.11, 22.61,34.06, 22.00,33.70, 22.00,35.30, 22.20,35.70
23.68,35.52, 23.56,35.68, 23.62,35.42, 22.59,38.42, 22.60,38.89, 22.57,34.91, 22.77,33.87, 22.70,34.09, 22.58,34.05, 22.00,33.70, 22.00,35.30, 22.20,35.70
23.68,35.52, 23.56,35.68, 23.63,35.42, 22.57,38.35, 22.64,38.87, 22.56,34.91, 22.75,33.83, 22.69,34.07, 22.60,34.03, 22.00,33.70, 22.00,35.30, 22.20,35.70
23.69,35.53, 23.56,35.69, 23.63,35.43, 22.57,38.42, 22.63,38.90, 22.57,34.91, 22.76,33.87, 22.71,34.06, 22.60,34.01, 22.00,33.70, 22.00,35.30, 22.20,35.70
23.69,35.52, 23.57,35.69, 23.63,35.43, 22.57,38.39, 22.60,38.92, 22.57,34.94, 22.77,33.88, 22.70,34.07, 22.63,34.05, 22.00,33.70, 22.00,35.30, 22.30,35.70
23.69,35.54, 23.57,35.69, 23.63,35.43, 22.56,38.40, 22.63,38.93, 22.59,34.95, 22.78,33.89, 22.70,34.06, 22.60,34.03, 22.10,33.70, 22.00,35.30, 22.20,35.70
23.69,35.54, 23.57,35.70, 23.63,35.43, 22.59,38.40, 22.62,38.93, 22.56,34.97, 22.77,33.88, 22.69,34.09, 22.62,34.02, 22.00,33.70, 22.00,35.30, 22.20,35.70
23.69,35.53, 23.57,35.70, 23.63,35.44, 22.61,38.40, 22.63,38.89, 22.59,34.93, 22.79,33.87, 22.71,34.07, 22.63,34.07, 22.00,33.70, 22.00,35.30, 22.20,35.70
23.70,35.53, 23.57,35.69, 23.63,35.44, 22.56,38.40, 22.62,38.90, 22.59,34.91, 22.79,33.83, 22.72,34.07, 22.63,34.08, 22.00,33.70, 22.00,35.30, 22.30,35.70
23.70,35.53, 23.57,35.70, 23.64,35.43, 22.56,38.42, 22.63,38.90, 22.60,34.91, 22.78,33.85, 22.73,34.07, 22.63,34.08, 22.10,33.70, 22.00,35.30, 22.30,35.70
23.70,35.53, 23.58,35.69, 23.64,35.43, 22.56,38.40, 22.63,38.87, 22.60,34.93, 22.79,33.89, 22.71,34.10, 22.62,34.06, 22.10,33.70, 22.00,35.30, 22.30,35.70
23.70,35.53, 23.58,35.69, 23.64,35.43, 22.61,38.38, 22.63,38.89, 22.56,34.93, 22.79,33.84, 22.72,34.07, 22.64,34.06, 22.10,33.70, 22.00,35.30, 22.30,35.70
23.70,35.53, 23.58,35.70, 23.64,35.44, 22.57,38.45, 22.64,38.93, 22.59,34.95, 22.79,33.87, 22.72,34.06, 22.63,34.04, 22.10,33.70, 22.00,35.30, 22.30,35.70
23.70,35.54, 23.58,35.70, 23.64,35.43, 22.59,38.43, 22.64,38.90, 22.60,34.95, 22.79,33.91, 22.71,34.07, 22.61,34.05, 22.10,33.70, 22.00,35.30, 22.30,35.70
23.70,35.54, 23.58,35.70, 23.65,35.43, 22.59,38.42, 22.66,38.90, 22.61,34.91, 22.79,33.87, 22.74,34.10, 22.63,34.09, 22.10,33.70, 22.00,35.30, 22.20,35.70
23.71,35.53, 23.58,35.70, 23.65,35.44, 22.59,38.40, 22.64,38.94, 22.59,34.91, 22.78,33.88, 22.72,34.11, 22.63,34.07, 22.00,33.70, 22.00,35.30, 22.30,35.70
23.71,35.54, 23.59,35.70, 23.65,35.44, 22.60,38.40, 22.64,38.94, 22.60,34.91, 22.79,33.87, 22.71,34.09, 22.64,34.07, 22.10,33.70, 22.00,35.30, 22.30,35.70
23.71,35.54, 23.59,35.71, 23.65,35.45, 22.59,38.42, 22.67,38.89, 22.60,34.93, 22.81,33.87, 22.72,34.06, 22.63,34.04, 22.10,33.70, 22.00,35.30, 22.30,35.70
23.71,35.53, 23.59,35.71, 23.65,35.43, 22.59,38.39, 22.64,38.93, 22.57,34.94, 22.80,33.86, 22.75,34.10, 22.64,34.06, 22.00,33.70, 22.00,35.30, 22.30,35.70
23.71,35.54, 23.59,35.70, 23.65,35.44, 22.60,38.43, 22.66,38.90, 22.61,34.95, 22.79,33.88, 22.76,34.07, 22.65,34.06, 22.00,33.70, 22.10,35.30, 22.30,35.70
23.71,35.53, 23.59,35.70, 23.65,35.45, 22.60,38.42, 22.64,38.92, 22.60,34.97, 22.80,33.88, 22.74,34.07, 22.65,34.05, 22.10,33.70, 22.00,35.30, 22.30,35.70
23.71,35.54, 23.59,35.71, 23.65,35.46, 22.64,38.42, 22.63,38.92, 22.61,34.98, 22.82,33.85, 22.75,34.12, 22.64,34.08, 22.10,33.70, 22.10,35.30, 22.30,35.70
23.72,35.55, 23.59,35.71, 23.66,35.44, 22.60,38.39, 22.64,38.93, 22.63,34.90, 22.80,33.86, 22.74,34.07, 22.65,34.06, 22.10,33.70, 22.10,35.30, 22.30,35.70
23.72,35.55, 23.60,35.70, 23.66,35.46, 22.59,38.43, 22.66,38.90, 22.61,34.92, 22.80,33.88, 22.74,34.06, 22.66,34.08, 22.10,33.70, 22.00,35.30, 22.30,35.70
23.72,35.55, 23.60,35.72, 23.66,35.46, 22.61,38.44, 22.66,38.88, 22.63,34.96, 22.80,33.87, 22.75,34.07, 22.66,34.05, 22.10,33.70, 22.10,35.30, 22.30,35.70
23.72,35.55, 23.60,35.70, 23.66,35.44, 22.60,38.43, 22.63,38.92, 22.59,34.96, 22.81,33.87, 22.75,34.09, 22.67,34.09, 22.10,33.70, 22.10,35.30, 22.30,35.70
23.72,35.55, 23.60,35.71, 23.66,35.45, 22.60,38.46, 22.66,38.93, 22.63,34.97, 22.81,33.86, 22.74,34.08, 22.66,34.08, 22.10,33.70, 22.10,35.30, 22.30,35.70
23.72,35.56, 23.60,35.72, 23.66,35.45, 22.61,38.42, 22.64,38.93, 22.60,34.97, 22.82,33.89, 22.75,34.07, 22.64,34.07, 22.10,33.70, 22.10,35.30, 22.30,35.70
23.72,35.55, 23.60,35.71, 23.66,35.46, 22.61,38.46, 22.64,38.92, 22.63,34.97, 22.81,33.87, 22.77,34.09, 22.65,34.06, 22.10,33.70, 22.10,35.30, 22.30,35.70
23.73,35.55, 23.60,35.71, 23.66,35.45, 22.60,38.43, 22.66,38.96, 22.61,34.98, 22.82,33.88, 22.76,34.11, 22.66,34.08, 22.10,33.70, 22.00,35.30, 22.30,35.70
23.73,35.55, 23.61,35.72, 23.66,35.46, 22.63,38.44, 22.66,38.90, 22.61,34.96, 22.83,33.89, 22.75,34.04, 22.65,34.03, 22.10,33.70, 22.00,35.30, 22.30,35.70
23.73,35.56, 23.61,35.73, 23.67,35.46, 22.64,38.39, 22.66,38.92, 22.63,34.89, 22.80,33.88, 22.75,34.10, 22.66,34.08, 22.10,33.70, 22.10,35.30, 22.30,35.70
23.73,35.55, 23.61,35.72, 23.67,35.46, 22.61,38.43, 22.66,38.98, 22.61,34.96, 22.82,33.91, 22.77,34.09, 22.67,34.08, 22.10,33.70, 22.10,35.30, 22.30,35.70
23.73,35.55, 23.61,35.72, 23.67,35.46, 22.64,38.43, 22.67,38.95, 22.63,34.96, 22.82,33.89, 22.75,34.10, 22.69,34.04, 22.10,33.70, 22.10,35.30, 22.30,35.70
23.74,35.55, 23.61,35.72, 23.67,35.46, 22.63,38.46, 22.66,38.92, 22.63,34.96, 22.83,33.90, 22.74,34.11, 22.68,34.07, 22.10,33.70, 22.10,35.30, 22.30,35.70
23.74,35.55, 23.61,35.72, 23.67,35.46, 22.61,38.43, 22.67,38.94, 22.60,34.95, 22.82,33.90, 22.76,34.15, 22.67,34.06, 22.10,33.70, 22.10,35.30, 22.30,35.70
23.74,35.56, 23.61,35.73, 23.67,35.46, 22.61,38.46, 22.67,38.93, 22.64,34.95, 22.83,33.91, 22.75,34.11, 22.65,34.06, 22.10,33.70, 22.10,35.30, 22.30,35.70
23.74,35.57, 23.62,35.71, 23.67,35.46, 22.61,38.47, 22.66,38.96, 22.64,34.98, 22.85,33.90, 22.77,34.10, 22.67,34.08, 22.10,33.70, 22.10,35.30, 22.30,35.70
23.74,35.56, 23.62,35.74, 23.68,35.47, 22.64,38.46, 22.69,38.98, 22.63,35.00, 22.82,33.89, 22.77,34.11, 22.68,34.04, 22.10,33.70, 22.10,35.30, 22.30,35.70
23.74,35.57, 23.62,35.74, 23.68,35.47, 22.61,38.45, 22.67,38.90, 22.63,35.04, 22.83,33.89, 22.78,34.08, 22.67,34.07, 22.10,33.70, 22.10,35.30, 22.30,35.70
23.74,35.57, 23.62,35.72, 23.68,35.47, 22.64,38.43, 22.64,38.95, 22.60,34.95, 22.83,33.90, 22.78,34.11, 22.68,34.09, 22.10,33.70, 22.10,35.30, 22.30,35.70
23.74,35.56, 23.62,35.74, 23.68,35.47, 22.64,38.45, 22.69,38.94, 22.63,35.00, 22.84,33.90, 22.78,34.04, 22.68,34.06, 22.10,33.70, 22.10,35.30, 22.30,35.70
23.75,35.56, 23.62,35.72, 23.68,35.48, 22.61,38.43, 22.69,38.99, 22.63,34.96, 22.82,33.93, 22.78,34.12, 22.69,34.10, 22.10,33.70, 22.10,35.30, 22.30,35.70
23.75,35.56, 23.62,35.72, 23.68,35.47, 22.61,38.45, 22.69,38.90, 22.63,34.96, 22.83,33.91, 22.78,34.10, 22.67,34.05, 22.10,33.70, 22.10,35.30, 22.30,35.70
23.75,35.57, 23.62,35.73, 23.69,35.48, 22.61,38.45, 22.66,38.93, 22.64,34.96, 22.84,33.92, 22.78,34.11, 22.67,34.06, 22.10,33.70, 22.10,35.30, 22.30,35.70
23.75,35.55, 23.62,35.74, 23.69,35.48, 22.61,38.46, 22.67,38.95, 22.64,34.97, 22.83,33.85, 22.78,34.12, 22.66,34.06, 22.10,33.70, 22.10,35.30, 22.30,35.70
23.75,35.57, 23.63,35.72, 23.69,35.47, 22.63,38.45, 22.69,38.93, 22.64,34.96, 22.86,33.93, 22.76,34.10, 22.71,34.09, 22.10,33.70, 22.10,35.30, 22.30,35.70
23.75,35.56, 23.63,35.74, 23.69,35.47, 22.67,38.46, 22.72,38.92, 22.64,34.99, 22.85,33.90, 22.76,34.12, 22.69,34.09, 22.10,33.70, 22.10,35.30, 22.30,35.70
23.75,35.57, 23.63,35.75, 23.69,35.47, 22.61,38.45, 22.70,38.93, 22.66,34.95, 22.83,33.91, 22.78,34.09, 22.71,34.07, 22.10,33.70, 22.10,35.30, 22.30,35.70
23.75,35.57, 23.63,35.74, 23.69,35.48, 22.63,38.45, 22.67,38.96, 22.64,35.02, 22.84,33.89, 22.79,34.09, 22.70,34.09, 22.10,33.70, 22.10,35.30, 22.30,35.70
23.76,35.57, 23.63,35.74, 23.69,35.46, 22.65,38.45, 22.70,38.94, 22.67,34.97, 22.86,33.92, 22.80,34.06, 22.70,34.09, 22.10,33.70, 22.10,35.30, 22.30,35.70
23.76,35.57, 23.63,35.73, 23.69,35.48, 22.64,38.47, 22.69,38.95, 22.64,34.95, 22.86,33.88, 22.79,34.05, 22.70,34.09, 22.10,33.70, 22.10,35.30, 22.30,35.70
23.76,35.57, 23.63,35.73, 23.69,35.48, 22.63,38.43, 22.70,38.93, 22.66,34.96, 22.86,33.89, 22.78,34.13, 22.68,34.09, 22.10,33.70, 22.10,35.30, 22.30,35.70
23.76,35.57, 23.63,35.74, 23.70,35.47, 22.63,38.45, 22.70,38.95, 22.66,35.03, 22.85,33.89, 22.79,34.10, 22.69,34.08, 22.10,33.70, 22.10,35.30, 22.30,35.70
23.76,35.56, 23.63,35.75, 23.70,35.47, 22.65,38.42, 22.69,38.95, 22.66,34.95, 22.85,33.91, 22.79,34.09, 22.70,34.08, 22.10,33.70, 22.10,35.30, 22.30,35.70
23.76,35.58, 23.64,35.75, 23.70,35.48, 22.65,38.45, 22.70,38.95, 22.66,35.02, 22.87,33.87, 22.78,34.11, 22.71,34.11, 22.10,33.70, 22.10,35.30, 22.30,35.70
23.76,35.57, 23.63,35.74, 23.70,35.47, 22.63,38.49, 22.69,38.94, 22.67,34.96, 22.85,33.91, 22.78,34.11, 22.69,34.11, 22.10,33.70, 22.10,35.30, 22.30,35.70
23.76,35.58, 23.64,35.75, 23.70,35.47, 22.63,38.46, 22.72,38.95, 22.67,34.99, 22.85,33.90, 22.78,34.09, 22.69,34.08, 22.10,33.70, 22.10,35.30, 22.30,35.70
23.77,35.57, 23.64,35.74, 23.70,35.48, 22.64,38.45, 22.69,38.95, 22.67,35.02, 22.85,33.91, 22.80,34.09, 22.69,34.05, 22.10,33.70, 22.10,35.30, 22.30,35.70
23.77,35.57, 23.64,35.75, 23.70,35.49, 22.67,38.43, 22.69,38.98, 22.67,34.92, 22.85,33.90, 22.80,34.12, 22.71,34.09, 22.10,33.70, 22.10,35.30, 22.40,35.70
23.77,35.57, 23.64,35.75, 23.70,35.47, 22.64,38.50, 22.70,38.98, 22.66,34.96, 22.86,33.90, 22.80,34.09, 22.71,34.06, 22.10,33.70, 22.10,35.30, 22.30,35.70
23.77,35.58, 23.64,35.74, 23.70,35.47, 22.64,38.49, 22.70,38.92, 22.68,34.99, 22.86,33.92, 22.81,34.09, 22.72,34.09, 22.10,33.70, 22.10,35.30, 22.30,35.80
23.77,35.58, 23.64,35.75, 23.70,35.47, 22.64,38.46, 22.72,38.97, 22.64,35.00, 22.85,33.87, 22.80,34.14, 22.72,34.06, 22.10,33.70, 22.10,35.30, 22.30,35.70
23.77,35.57, 23.64,35.75, 23.71,35.49, 22.65,38.48, 22.69,38.99, 22.66,34.97, 22.87,33.89, 22.81,34.11, 22.71,34.10, 22.10,33.70, 22.10,35.30, 22.30,35.70
23.77,35.59, 23.64,35.75, 23.71,35.49, 22.65,38.46, 22.70,38.91, 22.67,35.02, 22.88,33.93, 22.78,34.11, 22.71,34.11, 22.10,33.70, 22.10,35.30, 22.30,35.70
23.77,35.58, 23.65,35.75, 23.71,35.47, 22.64,38.45, 22.70,38.95, 22.67,34.99, 22.87,33.91, 22.79,34.13, 22.72,34.06, 22.10,33.70, 22.10,35.30, 22.30,35.70
23.77,35.57, 23.65,35.75, 23.71,35.49, 22.65,38.45, 22.73,38.98, 22.68,34.97, 22.86,33.89, 22.81,34.14, 22.72,34.12, 22.10,33.70, 22.10,35.30, 22.40,35.70
23.77,35.57, 23.65,35.75, 23.71,35.49, 22.65,38.49, 22.72,38.98, 22.66,34.99, 22.87,33.91, 22.80,34.13, 22.71,34.09, 22.10,33.70, 22.10,35.30, 22.30,35.70
23.78,35.58, 23.65,35.76, 23.71,35.49, 22.67,38.47, 22.74,38.98, 22.67,34.97, 22.85,33.91, 22.80,34.14, 22.71,34.13, 22.10,33.70, 22.10,35.30, 22.40,35.70
23.78,35.59, 23.65,35.76, 23.71,35.49, 22.65,38.48, 22.72,38.96, 22.67,34.99, 22.85,33.93, 22.81,34.13, 22.71,34.11, 22.10,33.70, 22.10,35.30, 22.40,35.70
23.78,35.59, 23.65,35.75, 23.71,35.48, 22.65,38.48, 22.72,38.94, 22.67,34.99, 22.87,33.91, 22.80,34.12, 22.72,34.14, 22.10,33.70, 22.10,35.30, 22.40,35.70
23.78,35.57, 23.65,35.76, 23.72,35.49, 22.67,38.44, 22.72,38.99, 22.67,34.99, 22.89,33.89, 22.80,34.15, 22.72,34.10, 22.10,33.70, 22.10,35.30, 22.30,35.70
23.78,35.57, 23.65,35.74, 23.72,35.48, 22.67,38.47, 22.72,38.95, 22.68,34.98, 22.88,33.89, 22.80,34.13, 22.72,34.09, 22.10,33.70, 22.10,35.30, 22.40,35.70
23.78,35.59, 23.65,35.76, 23.72,35.49, 22.65,38.46, 22.70,38.97, 22.67,34.99, 22.86,33.91, 22.80,34.16, 22.71,34.07, 22.10,33.70, 22.10,35.40, 22.40,35.70
23.78,35.58, 23.65,35.74, 23.72,35.49, 22.70,38.49, 22.70,38.94, 22.67,34.98, 22.87,33.90, 22.81,34.10, 22.69,34.07, 22.10,33.70, 22.10,35.30, 22.30,35.70
23.78,35.58, 23.65,35.76, 23.72,35.49, 22.67,38.48, 22.72,38.97, 22.67,34.95, 22.87,33.87, 22.82,34.09, 22.71,34.09, 22.10,33.70, 22.10,35.30, 22.40,35.70
23.78,35.59, 23.66,35.75, 23.72,35.49, 22.68,38.46, 22.74,38.96, 22.66,35.03, 22.89,33.92, 22.82,34.17, 22.70,34.13, 22.10,33.70, 22.10,35.30, 22.40,35.70
23.78,35.59, 23.66,35.76, 23.72,35.49, 22.67,38.49, 22.72,38.97, 22.67,35.03, 22.88,33.91, 22.80,34.11, 22.71,34.09, 22.10,33.70, 22.10,35.30, 22.40,35.70
23.79,35.58, 23.66,35.76, 23.72,35.48, 22.65,38.46, 22.70,38.95, 22.68,34.95, 22.89,33.93, 22.82,34.11, 22.72,34.10, 22.20,33.70, 22.10,35.30, 22.30,35.70
23.79,35.58, 23.66,35.75, 23.72,35.49, 22.68,38.48, 22.72,38.92, 22.67,34.98, 22.87,33.91, 22.80,34.15, 22.70,34.09, 22.20,33.70, 22.10,35.30, 22.30,35.70
23.79,35.58, 23.66,35.75, 23.73,35.49, 22.67,38.49, 22.72,38.98, 22.70,35.00, 22.87,33.91, 22.83,34.16, 22.74,34.09, 22.20,33.70, 22.10,35.30, 22.40,35.70
23.79,35.58, 23.66,35.76, 23.73,35.49, 22.67,38.42, 22.73,38.99, 22.68,35.04, 22.90,33.93, 22.83,34.13, 22.72,34.09, 22.20,33.70, 22.10,35.30, 22.30,35.70
23.79,35.58, 23.66,35.76, 23.73,35.49, 22.67,38.48, 22.74,38.98, 22.68,35.03, 22.89,33.90, 22.81,34.12, 22.74,34.12, 22.20,33.70, 22.10,35.30, 22.40,35.70
23.79,35.59, 23.67,35.76, 23.73,35.50, 22.68,38.47, 22.72,38.91, 22.68,35.00, 22.88,33.91, 22.82,34.08, 22.74,34.12, 22.20,33.70, 22.10,35.30, 22.40,35.70
23.79,35.59, 23.67,35.76, 23.73,35.49, 22.70,38.48, 22.72,38.99, 22.68,35.02, 22.87,33.90, 22.82,34.11, 22.74,34.09, 22.20,33.70, 22.10,35.40, 22.40,35.70
23.79,35.58, 23.67,35.76, 23.73,35.51, 22.70,38.49, 22.72,38.99, 22.71,34.99, 22.89,33.91, 22.82,34.14, 22.74,34.08, 22.20,33.70, 22.10,35.40, 22.40,35.70
23.79,35.58, 23.67,35.76, 23.73,35.49, 22.67,38.48, 22.72,38.95, 22.66,35.02, 22.89,33.91, 22.85,34.09, 22.74,34.12, 22.20,33.70, 22.10,35.40, 22.40,35.70
23.80,35.59, 23.67,35.75, 23.73,35.48, 22.65,38.44, 22.72,38.99, 22.68,34.99, 22.90,33.95, 22.86,34.15, 22.74,34.09, 22.20,33.70, 22.10,35.30, 22.40,35.70
23.80,35.58, 23.67,35.75, 23.73,35.49, 22.67,38.52, 22.73,38.98, 22.70,35.02, 22.89,33.94, 22.82,34.14, 22.75,34.10, 22.20,33.70, 22.10,35.30, 22.40,35.70
23.80,35.58, 23.67,35.76, 23.73,35.49, 22.71,38.46, 22.74,38.96, 22.70,34.99, 22.89,33.92, 22.85,34.12, 22.73,34.11, 22.10,33.70, 22.10,35.30, 22.40,35.70
23.80,35.59, 23.67,35.76, 23.73,35.49, 22.68,38.43, 22.76,39.01, 22.68,35.02, 22.90,33.92, 22.84,34.12, 22.77,34.11, 22.20,33.70, 22.10,35.30, 22.40,35.80
23.80,35.59, 23.67,35.76, 23.74,35.48, 22.67,38.52, 22.72,38.99, 22.71,35.00, 22.89,33.94, 22.85,34.14, 22.72,34.10, 22.20,33.70, 22.10,35.30, 22.40,35.80
23.80,35.58, 23.68,35.77, 23.74,35.49, 22.70,38.49, 22.73,39.03, 22.70,35.02, 22.89,33.91, 22.84,34.13, 22.72,34.11, 22.20,33.80, 22.10,35.30, 22.40,35.70
23.80,35.59, 23.68,35.77, 23.74,35.49, 22.67,38.50, 22.76,38.97, 22.67,34.98, 22.90,33.94, 22.83,34.17, 22.74,34.09, 22.10,33.70, 22.10,35.30, 22.40,35.70
23.80,35.58, 23.68,35.76, 23.74,35.49, 22.65,38.49, 22.72,38.97, 22.68,34.98, 22.90,33.93, 22.84,34.09, 22.75,34.13, 22.20,33.70, 22.10,35.40, 22.40,35.70
23.80,35.58, 23.68,35.76, 23.74,35.49, 22.67,38.48, 22.72,39.01, 22.68,34.98, 22.90,33.92, 22.84,34.13, 22.75,34.15, 22.20,33.70, 22.10,35.30, 22.40,35.70
23.80,35.58, 23.68,35.78, 23.74,35.49, 22.70,38.49, 22.73,39.04, 22.71,34.97, 22.90,33.90, 22.85,34.16, 22.76,34.10, 22.10,33.70, 22.10,35.40, 22.40,35.70
23.80,35.59, 23.68,35.76, 23.74,35.49, 22.70,38.48, 22.73,38.93, 22.71,35.02, 22.91,33.90, 22.84,34.14, 22.75,34.14, 22.20,33.70, 22.10,35.30, 22.40,35.70
23.81,35.59, 23.68,35.76, 23.74,35.49, 22.68,38.49, 22.74,39.01, 22.70,35.00, 22.91,33.92, 22.83,34.14, 22.75,34.12, 22.20,33.70, 22.10,35.40, 22.40,35.70
23.81,35.58, 23.68,35.75, 23.75,35.49, 22.67,38.50, 22.76,39.01, 22.70,34.98, 22.91,33.93, 22.84,34.14, 22.75,34.11, 22.20,33.70, 22.10,35.40, 22.40,35.70
23.81,35.58, 23.69,35.78, 23.75,35.49, 22.70,38.52, 22.73,38.95, 22.70,34.99, 22.89,33.97, 22.85,34.17, 22.76,34.12, 22.20,33.70, 22.10,35.30, 22.40,35.80
23.81,35.58, 23.69,35.76, 23.75,35.50, 22.68,38.49, 22.76,38.97, 22.70,35.03, 22.91,33.94, 22.82,34.15, 22.75,34.09, 22.20,33.80, 22.10,35.40, 22.40,35.70
23.81,35.59, 23.69,35.76, 23.75,35.51, 22.70,38.51, 22.74,39.01, 22.71,35.02, 22.89,33.91, 22.83,34.09, 22.76,34.12, 22.20,33.70, 22.20,35.30, 22.40,35.70
23.81,35.59, 23.69,35.75, 23.75,35.49, 22.71,38.45, 22.74,38.98, 22.73,35.00, 22.93,33.95, 22.86,34.13, 22.77,34.15, 22.20,33.70, 22.20,35.40, 22.40,35.70
23.81,35.60, 23.69,35.76, 23.75,35.51, 22.71,38.49, 22.74,38.95, 22.71,35.01, 22.90,33.91, 22.85,34.09, 22.77,34.12, 22.20,33.70, 22.20,35.30, 22.50,35.70
23.81,35.60, 23.69,35.76, 23.75,35.50, 22.70,38.50, 22.74,39.02, 22.70,35.01, 22.90,33.90, 22.84,34.17, 22.74,34.12, 22.20,33.70, 22.20,35.30, 22.40,35.70
23.81,35.58, 23.69,35.76, 23.75,35.50, 22.70,38.48, 22.74,38.97, 22.68,35.02, 22.93,33.92, 22.85,34.12, 22.75,34.11, 22.20,33.70, 22.10,35.30, 22.50,35.80
23.81,35.58, 23.69,35.78, 23.75,35.49, 22.70,38.50, 22.74,38.98, 22.70,34.99, 22.91,33.94, 22.85,34.11, 22.74,34.15, 22.20,33.70, 22.20,35.40, 22.40,35.70
23.82,35.59, 23.69,35.76, 23.75,35.50, 22.68,38.45, 22.76,38.97, 22.70,35.01, 22.91,33.93, 22.84,34.13, 22.75,34.10, 22.20,33.70, 22.20,35.30, 22.40,35.70
23.82,35.60, 23.69,35.77, 23.76,35.50, 22.70,38.47, 22.74,38.98, 22.68,34.98, 22.91,33.92, 22.86,34.14, 22.76,34.11, 22.20,33.70, 22.20,35.30, 22.40,35.70
23.82,35.58, 23.69,35.76, 23.76,35.50, 22.70,38.48, 22.74,38.99, 22.71,35.01, 22.92,33.92, 22.85,34.12, 22.74,34.12, 22.20,33.70, 22.20,35.40, 22.40,35.70
23.82,35.59, 23.70,35.78, 23.76,35.50, 22.68,38.49, 22.74,38.99, 22.73,35.01, 22.91,33.93, 22.85,34.14, 22.74,34.10, 22.20,33.70, 22.20,35.40, 22.40,35.70
23.82,35.59, 23.70,35.77, 23.76,35.50, 22.71,38.47, 22.76,38.99, 22.70,34.98, 22.93,33.90, 22.84,34.13, 22.78,34.13, 22.20,33.70, 22.20,35.40, 22.50,35.70
23.82,35.59, 23.70,35.77, 23.76,35.49, 22.70,38.48, 22.74,39.03, 22.71,34.97, 22.92,33.94, 22.85,34.16, 22.76,34.11, 22.20,33.70, 22.20,35.40, 22.40,35.70
23.82,35.58, 23.70,35.76, 23.76,35.51, 22.70,38.50, 22.73,38.98, 22.71,35.05, 22.92,33.92, 22.85,34.14, 22.77,34.11, 22.20,33.70, 22.20,35.40, 22.40,35.70
23.82,35.59, 23.70,35.76, 23.76,35.50, 22.71,38.50, 22.73,38.97, 22.73,35.01, 22.90,33.93, 22.87,34.16, 22.77,34.10, 22.20,33.70, 22.20,35.40, 22.50,35.70
23.82,35.60, 23.70,35.77, 23.76,35.50, 22.71,38.49, 22.77,39.00, 22.71,35.01, 22.92,33.96, 22.86,34.12, 22.77,34.12, 22.20,33.70, 22.20,35.40, 22.50,35.70
23.82,35.59, 23.70,35.77, 23.76,35.50, 22.73,38.48, 22.74,39.01, 22.70,35.02, 22.93,33.92, 22.85,34.13, 22.75,34.13, 22.20,33.70, 22.20,35.30, 22.50,35.70
23.82,35.59, 23.70,35.77, 23.77,35.51, 22.70,38.45, 22.74,38.93, 22.71,34.99, 22.92,33.95, 22.86,34.16, 22.77,34.13, 22.20,33.70, 22.20,35.40, 22.40,35.70
23.83,35.59, 23.70,35.77, 23.77,35.50, 22.73,38.49, 22.76,38.97, 22.73,35.03, 22.93,33.90, 22.86,34.16, 22.77,34.13, 22.20,33.70, 22.20,35.40, 22.40,35.70
23.83,35.60, 23.70,35.76, 23.77,35.49, 22.71,38.47, 22.76,39.01, 22.73,35.01, 22.92,33.92, 22.87,34.12, 22.77,34.15, 22.20,33.80, 22.20,35.40, 22.50,35.70
23.83,35.59, 23.70,35.77, 23.77,35.51, 22.71,38.45, 22.76,38.97, 22.71,34.97, 22.93,33.97, 22.84,34.15, 22.76,34.13, 22.20,33.70, 22.20,35.40, 22.50,35.70
23.83,35.60, 23.70,35.77, 23.77,35.49, 22.71,38.52, 22.77,38.99, 22.71,34.97, 22.92,33.95, 22.87,34.14, 22.78,34.14, 22.20,33.70, 22.20,35.40, 22.50,35.70
23.83,35.60, 23.71,35.77, 23.77,35.50, 22.73,38.49, 22.76,39.00, 22.71,35.03, 22.91,33.95, 22.86,34.14, 22.77,34.14, 22.20,33.70, 22.20,35.40, 22.50,35.70
23.83,35.59, 23.71,35.77, 23.77,35.51, 22.71,38.51, 22.74,38.97, 22.73,35.02, 22.91,33.99, 22.87,34.15, 22.78,34.15, 22.20,33.70, 22.20,35.40, 22.50,35.70
23.83,35.60, 23.71,35.77, 23.77,35.51, 22.74,38.50, 22.76,38.99, 22.74,35.00, 22.92,33.93, 22.85,34.15, 22.78,34.14, 22.20,33.70, 22.20,35.30, 22.50,35.70
23.83,35.60, 23.70,35.78, 23.77,35.52, 22.68,38.51, 22.77,38.98, 22.71,35.01, 22.93,33.97, 22.84,34.13, 22.77,34.14, 22.20,33.70, 22.20,35.40, 22.40,35.70
