Sensor 1 Temp in °C , Sensor 1 rH in % , Sensor 2 Temp in °C , Sensor 2 rH in % , Sensor 3 Temp in °C , Sensor 3 rH in % , 
21.65,34.36, 21.67,34.37, 0.00,0.00
21.89,33.98, 21.89,33.98, 0.00,0.00
21.93,33.90, 21.93,33.91, 0.00,0.00
21.95,33.87, 21.95,33.87, 0.00,0.00
21.96,33.85, 21.96,33.86, 0.00,0.00
21.97,33.85, 21.97,33.84, 0.00,0.00
21.98,33.83, 21.98,33.83, 0.00,0.00
21.98,33.83, 21.98,33.84, 0.00,0.00
21.99,33.82, 21.99,33.82, 0.00,0.00
22.00,33.82, 22.00,33.78, 0.00,0.00
22.01,33.79, 22.01,33.79, 0.00,0.00
22.01,33.78, 22.01,33.79, 0.00,0.00
22.02,33.77, 22.02,33.77, 0.00,0.00
22.04,33.76, 22.04,33.76, 0.00,0.00
22.04,33.71, 22.04,33.74, 0.00,0.00
22.05,33.71, 22.05,33.74, 0.00,0.00
22.06,33.70, 22.06,33.70, 0.00,0.00
22.07,33.69, 22.07,33.69, 0.00,0.00
22.08,33.68, 22.08,33.65, 0.00,0.00
22.09,33.67, 22.09,33.67, 0.00,0.00
22.10,33.66, 22.10,33.73, 0.00,0.00
22.11,33.64, 22.11,33.64, 0.00,0.00
22.12,33.63, 22.12,33.63, 0.00,0.00
22.13,33.62, 22.12,33.61, 0.00,0.00
22.14,33.60, 22.14,33.59, 0.00,0.00
22.15,33.58, 22.15,33.55, 0.00,0.00
22.16,33.58, 22.15,33.58, 0.00,0.00
22.17,33.56, 22.17,33.51, 0.00,0.00
22.17,33.55, 22.17,33.55, 0.00,0.00
22.18,33.54, 22.18,33.52, 0.00,0.00
22.19,33.53, 22.19,33.53, 0.00,0.00
22.21,33.52, 22.19,33.51, 0.00,0.00
22.21,33.50, 22.20,33.50, 0.00,0.00
22.21,33.49, 22.21,33.49, 0.00,0.00
22.22,33.49, 22.23,33.54, 0.00,0.00
22.23,33.47, 22.23,33.47, 0.00,0.00
22.25,33.46, nan,33.46, 0.00,0.00
22.25,33.46, 22.26,33.46, 0.00,0.00
22.27,33.44, 22.27,33.39, 0.00,0.00
22.27,33.44, 22.27,33.44, 0.00,0.00
22.28,33.43, 22.28,33.43, 0.00,0.00
22.29,33.42, 22.29,33.44, 0.00,0.00
22.30,33.40, 22.30,33.42, 0.00,0.00
22.31,33.41, 22.31,33.46, 0.00,0.00
22.32,33.39, 22.32,33.39, 0.00,0.00
22.33,33.38, 22.32,33.38, 0.00,0.00
22.33,33.38, 22.32,33.38, 0.00,0.00
22.34,33.37, 22.35,33.37, 0.00,0.00
22.35,33.37, 22.35,33.34, 0.00,0.00
22.35,33.36, 22.36,33.40, 0.00,0.00
22.36,33.35, 22.36,33.37, 0.00,0.00
22.36,33.35, 22.37,33.34, 0.00,0.00
22.38,33.34, 22.38,33.34, 0.00,0.00
22.39,33.33, 22.39,33.33, 0.00,0.00
22.40,33.33, 22.40,33.33, 0.00,0.00
22.41,33.33, 22.41,33.33, 0.00,0.00
22.42,33.32, 22.42,33.33, 0.00,0.00
22.42,33.32, 22.42,33.32, 0.00,0.00
22.43,33.31, 22.43,33.31, 0.00,0.00
22.44,33.31, 22.44,33.31, 0.00,0.00
22.44,33.31, 22.43,33.30, 0.00,0.00
22.44,33.30, 22.44,33.30, 0.00,0.00
22.45,33.30, 22.45,33.30, 0.00,0.00
22.45,33.29, 22.46,33.29, 0.00,0.00
22.47,33.29, 22.46,33.29, 0.00,0.00
22.47,33.29, 22.47,33.31, 0.00,0.00
22.47,33.28, 22.47,33.28, 0.00,0.00
22.48,33.28, 22.48,33.30, 0.00,0.00
22.48,33.28, 22.48,33.24, 0.00,0.00
22.49,33.28, 22.49,33.28, 0.00,0.00
22.49,33.28, 22.49,33.27, 0.00,0.00
22.49,33.27, 22.50,33.27, 0.00,0.00
22.50,33.27, 22.50,33.27, 0.00,0.00
22.51,33.27, 22.50,33.27, 0.00,0.00
22.51,33.27, 22.51,33.27, 0.00,0.00
22.52,33.26, 22.51,33.26, 0.00,0.00
22.52,33.27, 22.52,33.26, 0.00,0.00
22.52,33.26, 22.53,33.26, 0.00,0.00
22.53,33.26, 22.52,33.27, 0.00,0.00
22.54,33.26, 22.53,33.25, 0.00,0.00
22.54,33.26, 22.54,33.28, 0.00,0.00
22.54,33.26, 22.54,33.28, 0.00,0.00
22.54,33.26, 22.54,33.25, 0.00,0.00
22.55,33.26, 22.55,33.22, 0.00,0.00
22.55,33.25, 22.55,33.27, 0.00,0.00
22.55,33.24, 22.55,33.25, 0.00,0.00
22.56,33.25, 22.55,33.25, 0.00,0.00
22.56,33.24, 22.57,33.25, 0.00,0.00
22.57,33.25, 22.57,33.24, 0.00,0.00
22.57,33.24, 22.57,33.26, 0.00,0.00
22.58,33.24, 22.58,33.26, 0.00,0.00
22.59,33.24, 22.59,33.25, 0.00,0.00
22.58,33.25, 22.59,33.24, 0.00,0.00
22.59,33.25, 22.59,33.25, 0.00,0.00
22.59,33.24, 22.59,33.24, 0.00,0.00
22.60,33.24, 22.60,33.25, 0.00,0.00
22.60,33.24, 22.60,33.24, 0.00,0.00
22.61,33.24, 22.60,33.23, 0.00,0.00
22.61,33.25, 22.61,33.18, 0.00,0.00
22.61,33.24, 22.61,33.25, 0.00,0.00
22.62,33.23, 22.62,33.23, 0.00,0.00
22.61,33.24, 22.62,33.24, 0.00,0.00
22.62,33.24, 22.62,33.24, 0.00,0.00
22.62,33.23, 22.62,33.23, 0.00,0.00
22.62,33.24, 22.62,33.24, 0.00,0.00
22.63,33.24, 22.63,33.24, 0.00,0.00
22.63,33.23, 22.63,33.23, 0.00,0.00
22.64,33.23, 22.63,33.23, 0.00,0.00
22.64,33.23, 22.64,33.26, 0.00,0.00
22.64,33.24, 22.64,33.23, 0.00,0.00
22.65,33.23, 22.65,33.23, 0.00,0.00
22.65,33.23, 22.65,33.23, 0.00,0.00
22.65,33.24, 22.65,33.23, 0.00,0.00
22.65,33.23, 22.66,33.24, 0.00,0.00
22.66,33.23, 22.66,33.23, 0.00,0.00
22.66,33.23, 22.66,33.23, 0.00,0.00
22.66,33.24, 22.67,33.19, 0.00,0.00
22.67,33.24, 22.66,33.27, 0.00,0.00
22.67,33.23, 22.67,33.23, 0.00,0.00
22.67,33.23, 22.67,33.25, 0.00,0.00
22.67,33.23, 22.68,33.23, 0.00,0.00
22.68,33.25, 22.68,33.25, 0.00,0.00
22.67,33.25, 22.68,33.29, 0.00,0.00
22.68,33.23, 22.68,33.23, 0.00,0.00
22.68,33.23, 22.68,33.23, 0.00,0.00
22.69,33.22, 22.69,33.23, 0.00,0.00
22.69,33.23, 22.69,33.23, 0.00,0.00
22.69,33.23, 22.69,33.23, 0.00,0.00
22.69,33.23, 22.69,33.23, 0.00,0.00
22.69,33.23, 22.69,33.23, 0.00,0.00
22.70,33.25, 22.70,33.25, 0.00,0.00
22.70,33.25, 22.70,33.23, 0.00,0.00
22.70,33.24, 22.70,33.24, 0.00,0.00
22.70,33.24, 22.70,33.25, 0.00,0.00
22.70,33.25, 22.71,33.25, 0.00,0.00
22.71,33.25, 22.71,33.28, 0.00,0.00
22.72,33.25, 22.71,33.25, 0.00,0.00
22.71,33.25, 22.71,33.25, 0.00,0.00
22.71,33.25, 22.71,33.25, 0.00,0.00
22.72,33.25, 22.71,33.20, 0.00,0.00
22.72,33.25, 22.72,33.25, 0.00,0.00
22.72,33.25, 22.72,33.25, 0.00,0.00
22.73,33.25, 22.72,33.25, 0.00,0.00
22.72,33.25, 22.72,33.22, 0.00,0.00
22.73,33.25, 22.72,33.25, 0.00,0.00
22.73,33.25, 22.73,33.25, 0.00,0.00
22.73,33.25, 22.73,33.24, 0.00,0.00
22.73,33.26, 22.73,33.25, 0.00,0.00
22.74,33.25, 22.74,33.25, 0.00,0.00
22.74,33.25, 22.74,33.26, 0.00,0.00
22.74,33.25, 22.74,33.23, 0.00,0.00
22.74,33.25, 22.74,33.25, 0.00,0.00
22.74,33.26, 22.74,33.26, 0.00,0.00
22.75,33.25, 22.74,33.26, 0.00,0.00
22.75,33.25, 22.75,33.23, 0.00,0.00
22.76,33.25, 22.75,33.25, 0.00,0.00
22.75,33.25, 22.75,33.25, 0.00,0.00
22.75,33.25, 22.75,33.25, 0.00,0.00
22.75,33.25, 22.75,33.23, 0.00,0.00
22.75,33.25, 22.75,33.25, 0.00,0.00
22.76,33.25, 22.76,33.25, 0.00,0.00
22.76,33.25, 22.76,33.25, 0.00,0.00
22.76,33.26, 22.76,33.26, 0.00,0.00
22.76,33.26, 22.76,33.26, 0.00,0.00
22.76,33.25, 22.76,33.25, 0.00,0.00
22.77,33.26, 22.77,33.26, 0.00,0.00
22.78,33.26, 22.77,33.25, 0.00,0.00
22.77,33.25, 22.77,33.29, 0.00,0.00
22.77,33.25, 22.77,33.26, 0.00,0.00
22.77,33.25, 22.77,33.25, 0.00,0.00
22.77,33.26, 22.77,33.25, 0.00,0.00
22.78,33.26, 22.78,33.23, 0.00,0.00
22.78,33.25, 22.78,33.25, 0.00,0.00
22.78,33.26, 22.78,33.26, 0.00,0.00
22.78,33.26, 22.78,33.26, 0.00,0.00
22.79,33.26, 22.78,33.28, 0.00,0.00
22.78,33.26, 22.78,33.26, 0.00,0.00
22.79,33.26, 22.79,33.26, 0.00,0.00
22.79,33.26, 22.79,33.26, 0.00,0.00
22.79,33.28, 22.79,33.30, 0.00,0.00
22.80,33.27, 22.80,33.27, 0.00,0.00
22.79,33.26, 22.79,33.26, 0.00,0.00
22.79,33.26, 22.80,33.22, 0.00,0.00
22.80,33.27, 22.79,33.27, 0.00,0.00
22.80,33.27, 22.79,33.27, 0.00,0.00
22.80,33.27, 22.79,33.29, 0.00,0.00
22.80,33.27, 22.79,33.27, 0.00,0.00
22.80,33.27, 22.80,33.29, 0.00,0.00
22.80,33.27, 22.80,33.27, 0.00,0.00
22.81,33.28, 22.81,33.27, 0.00,0.00
22.80,33.28, 22.80,33.28, 0.00,0.00
22.81,33.27, 22.81,33.29, 0.00,0.00
22.80,33.28, 22.80,33.28, 0.00,0.00
22.80,33.28, 22.81,33.27, 0.00,0.00
22.81,33.28, 22.81,33.29, 0.00,0.00
22.82,33.27, 22.81,33.27, 0.00,0.00
22.82,33.25, 22.82,33.27, 0.00,0.00
22.81,33.27, 22.81,33.28, 0.00,0.00
22.81,33.27, 22.81,33.27, 0.00,0.00
22.82,33.27, 22.82,33.27, 0.00,0.00
22.82,33.27, 22.82,33.24, 0.00,0.00
22.82,33.27, 22.82,33.27, 0.00,0.00
22.82,33.27, 22.82,33.27, 0.00,0.00
22.82,33.27, 22.82,33.27, 0.00,0.00
22.82,33.28, 22.82,33.27, 0.00,0.00
22.82,33.27, 22.82,33.27, 0.00,0.00
22.83,33.27, 22.83,33.28, 0.00,0.00
22.83,33.28, 22.83,33.27, 0.00,0.00
22.83,33.28, 22.83,33.28, 0.00,0.00
22.83,33.28, 22.83,33.28, 0.00,0.00
22.83,33.27, 22.83,33.27, 0.00,0.00
22.83,33.27, 22.83,33.28, 0.00,0.00
22.83,33.28, 22.83,33.28, 0.00,0.00
22.84,33.27, 22.83,33.33, 0.00,0.00
22.83,33.27, 22.84,33.27, 0.00,0.00
22.84,33.28, 22.83,33.28, 0.00,0.00
22.84,33.28, 22.83,33.27, 0.00,0.00
22.84,33.27, 22.84,33.27, 0.00,0.00
22.84,33.28, 22.84,33.28, 0.00,0.00
22.84,33.27, 22.84,33.27, 0.00,0.00
22.84,33.28, 22.85,33.27, 0.00,0.00
22.84,33.27, 22.84,33.27, 0.00,0.00
22.85,33.28, 22.85,33.25, 0.00,0.00
22.84,33.28, 22.84,33.27, 0.00,0.00
22.85,33.27, 22.85,33.28, 0.00,0.00
22.85,33.28, 22.85,33.28, 0.00,0.00
22.85,33.28, 22.85,33.28, 0.00,0.00
22.85,33.28, 22.85,33.28, 0.00,0.00
22.85,33.28, 22.85,33.28, 0.00,0.00
22.85,33.27, 22.85,33.28, 0.00,0.00
22.86,33.27, 22.85,33.29, 0.00,0.00
22.86,33.28, 22.86,33.28, 0.00,0.00
22.86,33.28, 22.86,33.29, 0.00,0.00
22.86,33.28, 22.86,33.31, 0.00,0.00
22.85,33.28, 22.86,33.28, 0.00,0.00
22.86,33.28, 22.86,33.28, 0.00,0.00
22.86,33.29, 22.87,33.28, 0.00,0.00
22.87,33.28, 22.87,33.27, 0.00,0.00
22.86,33.28, 22.86,33.28, 0.00,0.00
22.86,33.28, 22.86,33.28, 0.00,0.00
22.87,33.28, 22.87,33.25, 0.00,0.00
22.87,33.28, 22.87,33.28, 0.00,0.00
22.87,33.27, 22.87,33.28, 0.00,0.00
22.87,33.28, 22.87,33.27, 0.00,0.00
22.87,33.28, 22.87,33.28, 0.00,0.00
22.87,33.28, 22.87,33.28, 0.00,0.00
22.88,33.27, 22.87,33.27, 0.00,0.00
22.87,33.27, 22.88,33.27, 0.00,0.00
22.87,33.28, 22.87,33.28, 0.00,0.00
22.87,33.27, 22.87,33.28, 0.00,0.00
22.87,33.28, 22.88,33.29, 0.00,0.00
22.87,33.28, 22.87,33.28, 0.00,0.00
22.88,33.27, 22.88,33.28, 0.00,0.00
22.88,33.28, 22.88,33.26, 0.00,0.00
22.88,33.28, 22.88,33.29, 0.00,0.00
22.88,33.28, 22.88,33.27, 0.00,0.00
22.88,33.28, 22.88,33.27, 0.00,0.00
22.88,33.28, 22.89,33.28, 0.00,0.00
22.88,33.28, 22.89,33.32, 0.00,0.00
22.89,33.28, 22.88,33.28, 0.00,0.00
22.88,33.29, 22.89,33.28, 0.00,0.00
22.88,33.28, 22.88,33.27, 0.00,0.00
22.89,33.28, 22.88,33.28, 0.00,0.00
22.88,33.28, 22.88,33.28, 0.00,0.00
22.88,33.29, 22.88,33.29, 0.00,0.00
22.89,33.28, 22.89,33.28, 0.00,0.00
22.89,33.30, 22.88,33.29, 0.00,0.00
22.88,33.28, 22.89,33.30, 0.00,0.00
